$ANSIBLE_VAULT;1.1;AES256
64383462666664633361646434373131323666626466303036396564643532376630346636616233
6365323933613338323635656433636135646366303836650a353939366337343162393335633339
36363563663365316431356632396234306434643964373761653539373566656330656233373337
3833323765373166610a613432313434613462383666666638366361306165613432653265653131
66643534323666333862613937303733323139343865316230333564383733643033313037383339
64366136386137396232316461373436356532343936323033363137336432663036326131376432
30386530323162313138343866373763366632373030393434303265663564393063386138396138
63313635393137636266623565386130393161613932336362313062343662313463373966316364
63656562343134343033376366646138396231316334353838333938343935376234623232643264
61313766326166373165306464633733626364346334306132623734386437383832316230343339
33353739356231316135663839393163356636366539333032326230656264643338636439663661
63306438363330633836626339383037643230386666646366666436353534356133383533653236
37396533336531626230643231616165313338326130383433353638626563326265346438353264
64333562653538346138633638326132646365336136633866383732663062636332646430333536
36303732336632353633383830323466303335643238633632343336623464396636383532656437
64306263343937313765383731396331336263323865333932376666336139336437373461623830
37386630616162383535306631336430363731313435323539623963616464636365306539393131
39313332353338356664666633316662383133663633656564376237646534363263316530633663
63646231663733386361623865613763333330373338313132386339616537333663353435343063
35633538353936643133666364323531643533323764343832323136313733386235303434646636
32303535363131373938313963356463613964653138376465646431383035343630336531366662
35323038396235386431663334366633363462303937613365366339656335653134386237373838
39353966346164353062383933343665643331303466363332356561616231656661303361363632
64393230656533363165383639383633626563666338346634373063373534306465623733336665
62616663306232643239343634396332633963363763333531646166316134373536346232353962
63666363613731653137653035343534373361383532646235353030656261643236313839336134
66646161613162323262363066616263363531303665396164346533636137333965643863323834
62636632633236313761623163383435343533646239323739396438353161393038373237303539
34373131316637303632383661643634623830346238613066616633616231376633613162663633
34363233656138373064366131666637356536646232623737393935666236393361373564303264
35323662383562323335613531306466323063383562333461383832336630616432643261383166
62323139313162363436323464626134666366353366616535306161373266643936303632336131
62623535353964346466333963306337346563346562666438623366396564323562313639333636
65323861366438316438353664623462623133623961373937353265343932376138346335353966
64316434636637356232623533663863396634613938613763373838623232313432643236393439
65323539376531366464346363383631623630366561646630623563656635363762616366343730
64643165353035613261646337386139373865326339353038346431363739656662666365663839
62386637393937626439376339356165363666353864323962313832303862353433303166343364
36323162616636366461646439306263663835646237303265656561316334643837363462633337
37666139316337663537313136366261323230303164356166623865616534663064376435306164
66333136616232393638353663363266303937333164343830613935376264346234376234383137
39643963653833633832626636656430303666313663323935653963656430346131323037626163
61313439303164623230633834323535623966356633646239373464323133653736383336613463
31613236643765613363313930616166336132626665343435623832306462346439303435326663
65303031333364356161643465396264323061363833626233396438353165326463663730333630
36393766623137356462666366306561643364613663356135376236616165303637623931363666
64373337396162613832306639643230653039353935353132633566623462303537376566303461
36376234623235336366643033343761343563313836636161633633346165383564326335633334
34313539663138343232653038656363373836646231366564613562393065623862653235333438
39353334313363316330626264613839393931653939336235343830323734623863376161623961
64306232326464393739366137356433363634666339656634393834343063356565373862393835
32353062363063303463653961643635616236646633623361396539333561613265616663613661
61663937666634666132393161326431663937653866313239666332373262626462326162393238
30356463376635373936366164313762326533636138353565393033336235646538313134373533
39343664633264663734313165343763333536323939653961653432353065326138306162626130
65343631303263333535383732353339393566343964306639343734396565313235643563623735
65653863306231656432316631356562346361363662346533613365303236363234363134373661
32373436303039343538316636626234633564653636303833313530353265666131316364303466
37623935343766356233653636646636663431636536343331306336383366366235363232626533
37363637636339646233613538393764326435363635363539343763306139363562313538653235
33326135363466303137316364376336643165613565313364306130636237363037626663643562
66346234346234366131613463356437353164646261313639306434303936613233393636313830
34646165313339613830346361626633316334393933373339653834613137303338393438646565
34303166393334363733393136376563316637653431616639396332336630613364633837306236
39633336646131666339346534613262303834336164663032303634613866346537643835343336
63373336626132373634313661646162613533323662366335353263666263353339313861656435
36633030383564366236633236373538386462303738663265313634336439383764643164373836
61373962666638393436323135643937356133353137303566386263626362666465633938336566
35653061323330653635353134626238393363636661616563363534323165376139326261343430
30313538666630626436633363633465626239383033636633633938306633623437366433616366
35666437656230666434626232633237373539643961373161386536336262613330323466633030
36353461393735613331333861383831623232353330326234326137633963336534333334646530
36313865373132393031383031336563323731303631363866383961353962333932383830363866
37353965333961333430343766363365363735336334373234373137633666333061616362646532
31643034336435383138306663343731353563626166613961303063643732353764373235343038
38373335396330333961383962343163383135626465363036333465663734346136633339626133
30656565356436313739363663616534656134383331653761333238626131316239616465663831
36336364336239303335363236343461666330343234316534323362636337396330333236346232
63356337393134343831646566373963336663313039363738643833323936626638663131343336
34346436316630656432636563363866623166636463373639343338613662643766373934636239
39336666656132646564643036646263343931663162303034613039636561373162373832633562
37303731386339623265636232383739656430623161616132386266373862356534313637373363
34393066613638346339396537663439343266356461666261343934613432663431386537303365
30383538336163383865323334643931366363623565316464386533373135316261373830346437
32316138653334643531343939393965666432323236343334363435663962626538353063386663
39646439323137333261323430303536386364333336663332636565393539633638313037663034
34373633653333323964643236383737363237636430623665633161626430393037326138303130
37656465663136373966636266393032333263626533633235616536656334356563306266656339
39333965376638366332346331663934373035363735366664386262663665633935633865613137
33343362363939616337323763656239336533633238323037363161393664363033333938643830
31343566353061656139386534316539336533633335613637353234613536353734353464396330
66343032613562653232616538633664303635626135363731623164353261363435366137376462
63313761336265666565613838373636613639323530346464356663336436613862363734333637
39373737353336343365373761326231316239366330323563653635633135396233333437396163
65303962636132666430636333343736636464343933346361343264343730376563616530353031
30376631623430313563323937656364366533353932613336353961353934353235366135656638
34613437366466653131303863326638666366323065306664393765323132306463633366636632
32663164346561613461613235613032386535616134316130656232623739643461353933393561
64326330313932363865386635313136623138373936613132343131326661656331303039633038
62376365386262373039353063303065393165663565333562336534353239306136626564373630
63633030626334663665656335356563396435616539643261386537616136666335333333653736
62663939613566643439343035656564633565386666333337373833373835303036643263343164
35376535326263336237353038633130306166333835373535303765343936366538616365353965
37323062393830343563383164323266383366333332656530306533383864393032663038613032
62363439323431663561316563383633396464336561363838666339353862363831326532313465
31663064313063393163643963646439316130653335306235613830663566306331306263336530
66366338666463353962303238393465626331366532663065643838383838656139363733663464
32623339643037303838393234663866366662613066363732383639653362316134323234666666
34373637313335366465343936663961336462393739343230636631336334303163363631303039
66623934346464363262613062393134396335396339363362333837373761333961303837636235
30316163386564343332383761323735303335373965616333623133386439633734623236326336
30643062353861666239383938616266303033376437376134646534646134316663333163653134
66356231366531303231343234303234373835346539653863396230313631663738333439366138
35316233613433373533343932616661306139643036336638386266663666646230306364383831
35316563663363653932373136396436636132303939326637363036613736666261313462373639
63653062623433663237373464326264656461346636656532376565396131386466333263333635
39653935386661643761323564373030616565353362363561366630393334326337363339613134
64346561643363643130336433343431613164313436396561313734386131623761306333386330
63633934623030616532373537316639626339633534323030623833623439613563383239663737
61333030323435316362333166353532653530383766393934316637633236613665626537393764
65383636383534383162326663613262326663633430616466613866396663373833333734633739
33353239346433356561356330353832323834316433666363633666353334346365613935326163
39313161323830313161616262396233353132313638306462343865646339313630336231653866
37346162633563396437333134623030356434383234386665616361323462353664343366646634
64363663326239383830393338323261646665653461626462316335623565336563333165303664
36333866633963383934643464356263323239363534353331383734643330306230323239646332
33623336666439373330633762363535633230393830333139333237636233623739363933333434
66343132373132653832336232616361663331383963313662306533343766393432316537363635
39333235666335353039643364373235316139663436623931316331623264336131613639393861
38656662363366633863393532643033653834363031346137383334346135326434383336396634
39336365366462343230393666643337616562326136333731653263613262316131343833636539
34613665653732626464376634383033303461623839626537633934353231393930646165623765
38396363326464386334663130353934386232323561323833346534326632313664633963303464
62396439396266663937323737616136336536653432346536613066636334393366656532633033
36383961363935653162343130363461373435323636363766363333373964313638386163333263
33336264383461316463636139366363643930653939646163643666656365373063383337336337
33343533646431616633373364326135663065346130653865613061656434363836363139313039
39616664613061623562306135646436666565393965386434313430626230383962306139386465
39366231336536636165616338316532633030303532633261623534386362386463343965643234
65353430303637646334343864316332373139663132646438346533346232643031356564386566
65653130343537353333393165383963326461653635326465393434386236303534333136363265
65663639623137393562653365343363353362303165653536316639363731386564616134666634
31663431653532353462653664363230313865306537346637613233663438656132306337356135
36323862343031386632646465643166643562343362313538336466383138353038653365396230
31643134633562663363626366313233303463386134643239323163613435633931373634346135
39626362343636353539336236616238613639366530353730326337313238366537616661363763
32613266336230346133343137353334613239663061383435613565326638643532396563636331
62636530613735623766396231663066646334336334626230363830323763333165346365326534
35393036616437666331636634353939623339393836643765633839396139666265396236393939
62646330396466373461623235373033363431383966323865653636613965373761383062326534
38346539363637316563653062363966666362326333383532613466663965306331646231633931
33653566366336373630623737646535303561303235383862356263626464336466613765396331
61613962643038353164646636636131393636613161373830653538633831333338333065366236
39616163356139653539626630343033616638636338326339653866656235336364303631333665
33393664616532353361346531353630323962646564363539346636366333363934653638313264
66616635346564616335313531626164333166333261646537396463663933356231613733396236
61616434333036386432393065353462383137326439653332646134303833636434663064373037
63663738383435313436343064333330363032646666303761363763333664396261363830313432
33343763653939616532393232623732613032396632393863356261383532646237316364613532
66663262333532343665393132353133633233633036653139643066636131373737643336373230
38333761396131643935633632386263643330323632623832363533353830643562643365373934
62653434313835366333376566393530333066386337383736666335306465363265323837623734
31356636636536616133663863366535363066363535336162646333383431353034653434353133
35326232313534623332353030396165353334663862373166623661353336333063373334343131
62663465333837343161343534353631663561383666653138373131353263356637393131353538
65616439653337373036643433663762336433623165653535363438366439366532333836643636
30393163663833346338313162303430616633373234396536313765643632613831613732343530
62393838323264633230383337393462633036386164663938323539653461663864366632343330
61643662366361613464313335633734383836326138336166616366656663646437343261363932
32663534366263393230646235373936666633643763313737656664336231613362363238393130
39633964313031343061623563626662626663636336626464646232346131396635666131616331
62353633633363316130316666636133326436646238656136303534616166326138613739333632
63626235636333626531613033613365393230613065393865646663336364653666636131323438
36383163376330353538363430343135613866333837663037623163373166656330306362613664
63303336353262646465633239656662666662636334633262343263386566623530346565663830
37653030383534393833333137636134336262373039353863313037343264353561336337633839
31386363656466613930623130363034386466363032393338313333383932386362306262656532
61303037326263323532626334323763373135613865323334303766386438363165373637353962
61346331343436336464333837316537653531616665613231616363353738666638643363336638
64633036616561663831323765383466313930353362306638356264663138376264623437643763
64323738393436326637383662393466626165343431633665323065396139373932346435613839
37653332303832323235303534303261616232643238643733336533333639306133366539326563
31303464326133626339666631616332636239613065396137346263333634633539336434653938
30613439373063316131333738333865626434393764636436313631626332623264633633343064
36343662373835366139353538643561333539646464663339643939666633383837333263333563
32333165663130376539616532333264393466326665653264346634373064316235393539333230
31643561366436643132646135353538363334383230343039643837343965626662376532313639
35373734646133356665303833643462393738333461666533636631633337666563333362613636
64633434356461663138386137396134393430633439653435666538613837346636373230386265
62383139323334393964626261373632656264376336373330396466306637333335643534303961
37643062613436643230333937313333383138343830396463626437373536303562623239386236
63393362356139363965376339636661393936626366323333313535376436626230633362636434
39613233386136623536636166333030663738313639333765646638376266343232623766626262
63396538613036353632343864356365326435376430363363333862333563383962663064383438
66383165613765623535633965313631316539623266656363356338616666653866326263383839
63323233306334313766343431376466373930396135323062363032613064373533386161396639
66656162383963633734613132643636626232633231373437663966343631613063643536653432
31356261323736636363343063313631363036623237356363613832663634343133383332343233
36393933346466396638663339613062393931626662373239396237653565376231343364346137
37643535613365666262646266626637363564623965626233306561633730326563613139666232
30306133373564663364633964626366393339663530663361323165663330326166613963616635
37353537616336623132663234636662623436663730383832363863353134313132356336366134
35346461316233303566303331326439623161616437323361343566613535373732393536613663
36393139333532653861
