$ANSIBLE_VAULT;1.1;AES256
63663933366633343133366138333462646438313366343362376638326634613461626534323363
3734353534643863316365613365643564336236616663390a653137376132626338623730643039
34383136353466616566383333386564323035663033626535623935383532636466646238383266
3163383134633537620a653432303361313434373263666462333666383563396665666238376435
65353538633938316334356336616565343334316463633837383263376434363633653039373337
39653036383733393465356564306166393933306432356630343437373466393839326434396431
35303835313539663932643335653663306431636661666539333337323435353064376466666236
37663061323066643530303032353135303664306136636435643134383335363136343766383961
36616564373931303566663637623161356563666337666239393538373634363362333364636439
35313866383762373234396633383032323132346330386436376236303432386533303634643837
39373933383432393636366533326336316336373033383863323661616363643734393437376439
39633236643330393033656261353339653132366239373237353863663334626136383038346165
36383134313963333762313431333664653932643562383937316230303438313165643235386233
38383439316263303331356336326633376536386135623532393338656264343266643938356639
36336231303764393566323661366135666439313934316132313963323733396239626266323465
34323761666565653436333862646662366661323765303630636234653961306465313764633131
38396234323430643238343435346364346431353932663539656566383135646631636163356339
62623430616462336633386561353666653533646433663763363833643465323931383764643939
34316437373761313166363031653336356166623834383965326265646339613063643830626533
64303062383363366633663566613930346631313031303038343037343038386166613630326434
37353566393464646634636632303538663135313037653164363830636137343563326135626537
61396561636133636665353838623435373338623363383130333235386334653266313865386533
34386138326236393464323938313030363336626332343835626633613835343135303032363235
30383961306666386436656262646664333434623166313433343030376532313533613434613230
34383738333530653831386661643036656364616264333137616464343631393535613431663861
66353833646134346466646139303034646134623064633132356339666533313665313133323131
30663566353332663062393863323939383936393061393063316133313262313564313662643335
31663964623034666138653731303963313738393335333165393431393630666533366131646164
63393531373665353631316132336636663934386430356135346163383263386631373530646665
31363734363230653235306466393364303931616535393064636432396138386132393265336364
65633966316462356538383264303366323462636232306662336337656434363061346233666661
33613938623936633137643838336138366265623531643032643336333763636162656433373235
36623866313938653963653637336666646331386630646565343136393839356361346632303133
36333033356439663930623664653363616237633831306661643062363565386234383833393163
33386534303238373231626163666462373065646434353030646361326262656464643032633836
30353966356462396433343236623863366163383261383064376366326361356366343533316134
63343335326237383763386366333134663736666563326636373966626463346533313062323039
31346663393364346561613062623830643939316432643964633537303333353161376337653038
39343136393734336665303235333565363265633038376432383035653933336132613631393961
62353066323336383138353939326637333034616665353532643465363330623964663736643030
62356466636663383432393032613562326564356539643562396434613736316531613932653433
35393861383938383061366336303764333535393464333132386435623131313862653432333566
32633663333738613232323662653237663332363937386636616565323062633431306338663731
35393332376232353230393866633936646439653136626565616563636539646533656162303130
61323363363761343862306331623264663735646165373636356263366165303766303465323635
63616563623533386639303433623434633564303737326464653538323638333338643338316135
62343666636639363838396238633630393364333765303533636364303533663362333237306337
65383761383666653363393733663566343036323335323032303136633637343835643038376232
34616161653331363835386164616537336535346336666538626162623032613138313934623833
66383734396465353539646664643565353162623434316635343663653636373739643535386136
38366665303664646266663662303037393333643164313763616136336366616362626336626134
63666630326235343330613535313930653132363536636566653232333738636539326238393731
33663639663864313836366631666666393731303935643764373633633239643835666536333736
61323133653336336433613238346534346430666230316338643235646535333438373565653666
64306238393663623539363361663537343734613534353438343233346333383034333965353033
65303032323138636265623233616465616661376563386464303564336339373730343365663436
36313831626534643430393865633834633265373831666162626338613066393164616432663938
63626261303532356164383864313538663237303661663364613064353036653866393738353238
34626365636239373965323738656266303434343132653339643861646365363136633236663635
32323133313133373965343835323130303364313630363133613161383964633763356233363731
35636238363035393465326264323538646434376333333333363662313334313039633134616662
65613831386661613963316131313336383362393338383038323732313839306439636236366232
33633932306636306437613139316561303730663733383639386336373964343134363165663566
39353634656464613366343139303264643362353539656539323439323163353234373137633362
37386262633033376664653735346234653266333836613438613433323961396133303661396166
66353835363832626364316230623834383132396138326161363235363530363561353530353864
62313137336139383464336266643865383963306261313662383464333333623235326537393832
61386438383035323530353263363762653131626265653161383132366538346134376233643238
62613666613036353066323036333366343338323130366533363736623362626630383133333531
37383265633731393666613162643964393830313463623532336131373463343063383831363763
30383135656131383664356136333261343937623265383762356632336130306235636530366537
66643361636165613238623638386163663263383339366432373539323933636166633663323936
30333663623739623031393930653361373639396166616534396566396262626631353066353737
34346438373766363132323032313136303564373437343830333265343638316534663835393935
31366530303031396533376535623962356663363764623561656433353463353939383532396133
35366236346331613637356461663731656565393838343966623938383563333335356466393233
33363433616463373038316662363736623035303037616533623837343463626132623066653534
33616162643362653630663436386130303130643933383031393339343636643838326636383962
62393265653761353466303737376536663563646466356664363562376238396466343063313163
34653033323235343863333063303164613937653362336139653762393632376361653334653430
62613130363563316234383766366266366133666336333137653034343363386530353439386532
63353032663235663861613865306464616561376161623738623034346364373364633762636139
62383433313465376232376564336361643061363938623134616466393462373365356662356365
66373161656330316364653737656332363030623536353430613736663065323331616439376632
65653562316437383734373462323134616561346634393232653462613962663366353962633333
66663131393866323063303530636464376535353863666139303861343966626232323162373536
63336538373239613037323563313734333134666636326562356665383630396362666638366362
38386436373238363339646233333739356534663738666430386533623333653435393539663766
66383132613362313633626133623265626332623364313234653837636333393435353031313266
63613864303934306339393636666137663765646565636662396361356432623366643466313334
33313666366239663166313664303634363435643735313865373534303663333561396531313565
64303465356466313339646164663033356536393436626632313533363137646563653562313164
35323937333065623634333637636165306463326432383866646135313039326566383265323032
30396563323832313762643363616634346162373838326238396662666534353363633533313362
65386663356436323335383734653835656366366231623830366162363430316238393464656634
63303363636434623636313065333534626537623365393163303333326636376230666166633036
63643338366463616130383162623864303331646464653863643964333764396337653733643362
32323439643136303230346531353566393161333533303739623063653739376431323433336666
33316338643832613234366331623237313261396661353831663466376430623663316134643064
66336633316236336163343833383337303534656430313032646336613764373430356231366232
66393665343864626330373739626330336263616130626462623336313830633138613238666633
61323664326533313338366464616135643634393137653432653931316438363434363865323535
35663036633338303331616263343934653863326461626138356133336639393836646461376633
64303638333935653564326361386432663565656535633638343161653239633765393934663031
30323862363362653530633833636639666334366463343732616330383066383938303161633339
30336138343732303330333731316234306439643863323633303733383361613133353037353736
61343965343730646133336236646564623738326538613137623532373135363236663738333338
30623866373365633738323333613435343638353335373865623739663339313430303235396263
34346532313931383339653331633633666239626332356261396433386630313935373738346532
30383163616562666131323033373431656664396564636336313435343635393566626331653330
32663564636665353230633936373662636462383436653032306661313262623565313334633737
33663065613962643738393138633162353166646337363936396432646636316432323333613532
66393033383539626665313837316538663030373563656662376334313536396130303034613736
36646364346563636232386337343131626239353464343866363331366463366433386566623865
31373366646261356633333735336162356535356532343664633836636266373864396232633032
61623161643839633035333965353033383030303035383964643062666663623565663630313337
61356530646236393762393165393564656436643632343537616261663939623238643033633764
31303865386332313038326231316238623861346366393236393264373462393337653736633735
39663833303035643534366136363265343565633331343935393138393263383964326537336632
65613731646336363238636665363163373366373235303831346637386637333633393237366264
34366336396634353361666430613066343563336466656164343933336437313538373032373139
3130306537333134623133656337616434353337663064653231
