$ANSIBLE_VAULT;1.1;AES256
64373765666262346237366265393335646430613234386366313861343738336265393439326538
6139356533373833666430333161663835663364656565660a666239356135366439663134376335
66316238616564333266356263656131613437313136306462663435653963303861373830323238
6535356138643964360a306338346465396561366334383734386562373033343862636462393964
33653262323066653334633062323030616131333563323832646237396666623363393333346261
61303835313431656465333639643462386239626137653633636630366265323331346633373238
63613339343336323465346137386632316130396265363231343839396338353534643462653365
31666636653136636636363762336230313030323866383166303265653431636437306231666238
39333562316464323664346438313036323830613430343333616634636330386331353337626134
39663866343365386533643733653863626561363639633039303064343131396466306337376131
34343436363866396239623636613439396364343031663863376434333534333661643431626534
34353465633539383965376337313434333035313836393538366337623334643336633534663762
32323664343631323464626639643532383266653165396139653439386561336331363561663566
38623935363963653164393064316331636465633736373733623235303666613539303839643735
34363834636330343639663034396339313161666330353232646339346339306566623131313066
30653364623137643864346335633438636662356531346533656637313463613431383563343631
61396432323837316565646532373031633464303231383436306365666439613061323632333837
36306364393931623565366462636231333061323539313561636363626635326132323161383065
37343737343736336530623530643365336266323866306139326236636337373138613861646237
65303935313139396138333866326130316338353630306262303363323965633765383438656237
62303663306663363534636136336136343536643462333036396165623430333135336433323663
64626634333934333966623531643665356563366662393162356162303830356238323864616634
39313034643061376339353736636130626437386263666262356166383061663934353136613534
32313330343031623031393737383539363431383137386234306637343736336233386430633938
64316164303637346664623238346431303035643531393763643664343464646366363634303838
35363664323564666561643935323939323765383033623533653539316630306363633666323365
33393639316634643362613461393235373833363638373838343232313037623137303332613965
38663865363232366232353038366231396439663964393535306436383565396135333139643131
33386134316161633461643830623631663634653734323065646538376332393233653665623538
32386266623836303166383838663961663132653838383036666437616236386365326638353332
61366239323033323866656465353763376566356239346638656563383432613237323661666633
33616661626231653263396433356232653930643931633661613531326538666466306264633336
38643537336237396636653934653066303935363432666338376437613432613466353737626666
33663933656134323661653237623961363036653562636231313535323537623363363765346462
33353761313438333430343831353032373936386362313136376539313433636533393265363939
37663333653233353262643638376433653530666166316135353732396166656237656266333238
37316538643736366566326463626337356238336461343435633830653730656531396161346630
65633862303065343033323632326261663834306630316638653538393638343230633038663864
37376632326437623034373464343461383734323331656437643536633937326537613038356161
62323737653561316465383863363862633362653163363235636639366437323563343165336531
33316361316164353563376132383339363061306264363636393837616433333335613333666262
37313634393064663436313865633465353139343062363334646361313030636238366230623131
62383334653466393537626531363734646363663536623235303963346334326165613032366432
64393433356165653464303262663334383539623938353835356136643934373634313166396234
62323361346637356336326364346433333838333464373336346332383437353738333637343738
34326538386464323961613839313036303335613762663933353332383637643362613137396565
37393334383465656334646334346165653866376635653036356661343538313364663763316161
34383534303961613562663231356330643966333831643064656537343736326664323161663630
64343866376664356633323033393335616539393330666239656235363266353139633630636362
61616162613436323065633632303761613333343633326331613132383164643465313937353963
33626435663763666134336439393837356239623164623662663933306437653265343664316232
34326135663162313939616430393262666563393032346534633061343930636633366230613863
65373535353339323034393733313363373362636265363230656138633836353335636135613566
32656438663563333561623562303039663666393037313331393031353337336330643539323131
31646161363035363335373766623133346234363164613136663437386539346337616131646139
66636231376636643661353739356334303166356336376163633865313332613066323361363634
66373432326237386133356231373839616237613739663134393330383161353137366132656563
32363333636335373433613164613037666338313364333761623831316561663364303137393536
37383165613035646262353738383664313137393430386637653862633336653264653734346439
33363863383863306137656663376265643037613535313161633737386330316134313935623366
32366439653065386138666466623539363833373337616161393836633462656263626166323936
61356639333565363564633763643134303736313066306163303339653230306637343435343034
30626464396364323337626163646237323336663434643430636138633064333064363466653139
31306539613438353365623563343238363166333663323836336437323061386466653636343736
36326535323333636434373436643164313862346361393534393238313464323234303162623761
32383962396563623134333364656163656331396339363336366132313135653937636430333162
35613032626435376561323535326639303764643134336430643564373536303933326564393231
34643739353636646561323432613765636663363366363962396539613433346363613230613831
30653037383736386137633335396537386433626563656633323137653338666163333939383837
66393232663337313938393163343266613338383730663839356663643862353532333661653533
39393037333066366536353662363862313836393065383738383530373435623433323034373530
39616534396665333161303034346334633333343764646633343635663738643737373561353234
39333366613261643363326664616535373135356337656162376131303030646430383532313036
30633732363031666362386261316532323034626638636338326466626635366564356131353061
63623634363261656663323162393433643534306231303638333631343366306439333064616166
33303638616264643938666662336133376661663839396537636236393534383763643361353134
31323733353165643566393935313530316339323334353238353731323464306162353436383132
33373432376631366433346633643563316262363163613539613764626462303636356435313431
37363363633339386236356231303662333432623032623835346262646330316534626564346663
66363962376264306634623630336261653863376230613733633066316131383263376537333432
39303138613738656236343761613166333538623731313537663165666131303063393230356365
31386462383130396235313635353863623834346462336132323731636366373937343935663632
63363833383033646363636363383163396136393030323332383661353030303930306366303235
31656663383162333333303461303136653865643866376334316562303264663066663633616638
61363039656364353334386337333863373436653766386131343534353666323332633961383030
64376632636631333661333334616234386435383765646264383164633938396632636436353166
38386661333735333738303830306161373239646137363261383737323363353065613833323031
31653936373763656561373732653430313335613262656436323832346561306234656364373165
64663866646332346463313437393265633533373038323665366163346163656139386461626465
65326662303237363961303865653066353962643431333031313339393964636338623536626364
31623530646634643434366661336264353064373762306635346435316337623238303262653630
63353264393666383431393136653335306330353638346333336262373062346233303832366634
36303063353864363830343937623265643235326563656437346134626331643933313866336231
65316266313063653262343532626163613866353038366164353465623430666263356162616165
33313462306130666437663035653032633333656533626433663736343466653564333934653737
31333136316666383565353930386230386333316461333237653930613161326532623632653466
37626363343963366464623463323165316231633931333064653731333434396537643339626633
35633639653037616637363361666465356263323661623262383331636565353236653164376533
33626134316266336237373130353738373235623636356430663661376133316535396261333239
39633165333533663632303439393334626233333239333464626137636135313665643262633534
38653830376333383863383737303162316433393034643463376661386234303361393264616439
35393636623636663366323330346131656163333161316332623630323337636232396230386334
31396230663065386436656163323636653266353630646231626138316233363232636430626634
33633336353634613334346662343337633833616137663939643863303038306231666630316462
32333938616330363039343539303235333034316265393665316637353961633538613666363961
65616163353933643230323263393639353937323961663330343331316563313262373731363736
35326165633830343330323861346239613739643032643764333464333039393730366232386433
66396334346135653463383037656239616638363236663264333230663137343862326433373865
36636139653866393633636166386165333832613133346465626232323433386665633632303964
39623039633065663861393439366563643963613830653962323065323632653462393962656531
31313965353463376164356537623536613337666433303037306338663339636464326136313434
62353134396430316133346430653533653837636131346536323236393736616438316537653039
33336537326663663135613931346566643864626132316639636335346266396131633862333931
36663938313538623431363864393136373134623934653633333866376566373465613232653065
38646433313462313766623566323465333164356637313638303032643339343633336632303962
36333962323733636438613466393061376135376133383730653636363536343962393437646363
64336561313534333863356366663930643031303639323137656264653835303433323164366130
31633832363236633363323036363338396664633239643335626335643537303765306664633533
61636431613564313039323030613930343737373162623866313266653733396632363434383265
36646335633038626464663333343436326565363263323739646333363239333037343938343035
64373936633438623234383862653662333762393065316130623163316234316439313736346235
61326631323638666265346439373464316266656631363637333862643532666634396465383362
61366666303366643964663234313430316230616236653434336639396338613762343935663736
62366635393135313564653262363864633930353032303736313364336461613936613630353439
64633033316264326434663239336464333562393538323834323230636533643832336665653134
30663062393564613932633331376335336338363735656162333332643233643230343165333837
39636465623933336363316633653932353761626566386439353433343536333163343366386435
37633164653134313532333066393465646261366332666632356364303362633238353530326132
34363361336137373238643434376162663332303936666533636538343465303834393863373931
3539323063326335343031373937333434343034653566613139
