$ANSIBLE_VAULT;1.1;AES256
63666137616661373064636330333063393337323337303664633064663930633566636662323334
6264303162373562373661386231326238376239363662390a633834306161353565303563633936
37396436653066313863326330383165306137333866303037353563626330656264306366323662
6330303330643437390a356233643765316339376531326439643366303762386461353033666631
32393334303862393661316462643632343234343835323539346634323032373066353637346538
31646432323664313235356464613531653362643766346632626334663731303462353230646663
61666635626463633261376439343539353661383133393332383234393334333335643062626561
62356665333334336362383630383930623834356235386335626566386162616164383563313363
38313839303361353039393636616664623662383132363930316438643636383665346436323964
66393038313734313461396164363161396664306537373065643431666664386262346631633065
36343231383336376633636235356236333332353433653362666639323862643238303637313363
39386361636437313466623639643139353433336466373738333434393932396432383439613662
66323230313032343765313936623065656232333864643931346336306163383831386336303030
37666266653937393164633637316463356463376666643961306138633230313638643634306631
66656639333437386632313439356530333063653562613163663538383131613265656461653239
37303638343036333030396330353761646264323231653437333934343932303335656466623730
37623337383266366266616539653666316166666630646337623465393632323230623639636334
63333839643630376135616331396665346263653963313231383861383763613066316237666634
36393333303238323233366635363439396631626537366564396464613066323636353539313139
61623139336336373834663666653431336333663434623435366634333338623661623534393965
62336330383431663530333433383564336133623564636539396164303732656130356463343038
61356231336137343663333665653262393231373665323464616562623765363231653235326633
34363334653434363636396461386136616235663632376565353438663166363536363535386632
62313131656366663263366633356434303362376163373266393831313333633635646635653665
35643530613730336430346664643537316137323330353132323138366431313033346437666235
38363962363864336461313665383265376633333938313330366239396432323039633137323237
32336237616365623564323835643730386233363564633336316131643666663835366233643735
37616333303864663830303564366535363961313139313761313964323264343137653836353732
30323738343734643965383835373063303139616536393533383134303738333236616164343765
35386165353133323836353035333761646466636162366365666438343838326334653866373063
32386661616362623030363739363864653039343061616561613635663834623031343930336562
65366630353937653630386562663836386634366533303337626163386266616531626330393833
63326332306537626536653564363662363830653830343039313662363363633534653730313061
63343262613430376239393461653939316530646265393661613633646432336138653764643066
65623232383935373734633563376437666336663463633236613535623430626561313236353134
36363937316534633736396564616439376231383434633261656339393331346435623233653134
31326262663066313930373634373461666261343233393565333466393537383338373563396438
36626462346430336230326535663833636236663832653863383361343962663336396163373365
33333634353238613761326439613836343265666666336237366164653733646161623265306337
63313366333333626234626532303364613137623931386230393561666332656533306131646663
36623339323231343532333935306433346533616135313039333935396638333738376638343538
31303032626662646538323062303464636165663532643661303138663034666633656138643966
61353465643135323433653561306537343662653831356430356336633836316663313635383539
31643337666663386431373130366531376464653238646336306536666462373031633531353063
33323038656233303138303338373763623561376432306633623461613563656466326437343735
32316237343132323664333433336537313436336136623132333639386134623535343665373038
30333638313932333134613663366538623464306661333462376436613964633663353535343238
64346236336636393230353264663465326437313931383566613465303130643330623231616230
33666530643033626630613134393562316636393362383731353762373162343231613430393930
61613637376638636536663739646464383161336238383134346333313037333831333561653135
34646530666564316236376630666163616230363833343165623332623339633963383263656332
35383664383438333333306165383664343439316338373666663765363163323464383139386138
36373462313461373531383332383030653436386233343663363436353964613638373135396535
30303033613365653432653466303432343339633762646663313861326339646132323835633331
37663366383333393730323539336664303434363734396362353865666534393333633466623939
64306231613765333732356633623338396333323638313135363136646163313063316166633733
62626366323134353438396437343730333032343232363862333564343661633664363435393737
37623865643563646462303565346665366665616234653564373135633266313033663763366266
62383661646332333431643730613831313565363763613164326663636338363366396263336434
39313235373031373663633534656235373731313031376263333234643564613731343034316436
32343864376366396265373463313666373933633063383863306431656531353338616635326461
66646664396666396266663763323166346532653661326533643335613939393534616661376333
63656336396333336536626536663034616539636634616364393364306265623063366132646338
38643464353838376537646332653436313661656666313231656433633431386563373631306233
39303139326161356230616438376331663835316634306434373364353336353739396433363933
65633534643637323935643862303463313736653436613065323465666234663933646561313734
32636638353534383866643661396130313336663539333561663465383937353239626230326465
32643766656333333662353434626166393461663333663531313033643866363661383566656231
30326538663539343035633735303338323634323133363866346437663133613565626637333338
62353338336337366666613639303366306631376537313337316634636237313561653565623462
39356633613933653230393466396437633530626436663065656564353362366263353764626331
33646163346536353339316631316136633162373531353833356639646665363738323364353139
34613065666437303831333732343337653935313038663164653630323161363030613463383331
61653161363363396263636538623831366339646337383331333164306161623331663561343435
39613531623637363535616663306337346537386533343133646233613538613165363133393864
33393362323862643139376161323362623130363839373937626438333939356466626636326362
62623066393365386666613265323037636164316262353530393436323266363839343430356335
35333239396162383831373534376463346635326565326664323163626136373031393932643738
35663361313636626566623361316531663966643231346537343532333734393161323538366134
66346130393734316434666332383632646435616135626466366666643930373735626538656363
36333162653964616262323930646265323035313434623333383231653633646661323330356363
35316466353435616338616532613336616332366632633734393461313361333532636436306565
65333639616238623331353632623663623935383530633565663835663231333337633563386665
38613966613761386533376263646539353665653831643464386631313162626330623762613937
32333931376430636137353430326530363533353233616165643937613336336636653565303864
66633263313538303637376662316138646663373639653139643965613530616439306437643333
64613539363432373932346130643763656634356466643162626663313536663635303332363937
37336365653635336666636132353362376661613835376132366662306464633232306634666437
64343137333938303134356566636465346132623434626333333932373536343038656134336137
38396232663233613666396163313835313337633539623635376232636266353665663631623231
35623736633335343166323064636630323332636637363830333732326165626638376263353062
62616530356132323137313135346639373235616230376338653439616636623633656537363864
66313336333331343331323238376632313439333062613566653933366262636563376163343164
31653164373935663336313537613865636464376365366633343230313935373131643139336536
61633437643063356539386437626631376566386237653833353965646638373435313835623636
62336136313763383761663465623838336465343836656335333635366263393261333438343233
61356439643362613035653763366463396335363735616136386630303736313639396331326663
32626364396161366264663139376237346665343161656162633866343037366264393539616539
33333437316637306637346162393635613261666663316666623262336466313630366131393731
64386333623664306133303933323437613561636638356439663564613032613566653830663562
38323034376334353333613535323933656235363433363330306461303062303533643337353563
61356562383930386533613863623530306435346335313338393632666265643033653237663036
36366631363662316537376561656463323934333232663932616239666463326639643861313133
38343231653733393865386231316633373964333336393061333331333935616333313765313338
61623130626236643431613131653437333964316236393535323164303465393835636438633035
37666637393762316637343433663939333736613366656262633438363937366439383838643661
31386635633965366332623262653533333933343832323832323632336631623831336137353438
36303530346365313264326665613730646465373035363135313866303236633361343034316136
32386163366330323331653838396434396135313632343266303535383563333633356434643536
31616631663834653462666130323264333232353765613333663739333632383638303633393934
65393534396466633264383336393337656565613165333966303937353061383531313366323235
35303135396431666535393535623765343330643432613962366438363764363133313564396434
61366162376665373362396434633634633834633165313765653430633539313966353364313436
36386165616263346231333830313932666436303035663363316639326531306630393364383163
66356264373335333836313662636134366532393534343838316266366131623465623034373439
30343839316136353635303633303638323234326535346431643366663361613532333137393738
38623161653830313830393533373136306364623237326363653933366131323931333231336264
35663766653663636362663265653037626163396336363231333566616332393436633561353139
61663635383530393634366565356530613639373365666631623034373431323031623565353533
61346166386531343531376465636363313565313135663436643635306339623664386136353164
32663539326266643138353931346266636463636564353538333263613762313565646134666665
6566333764353964643865613538376535626433323631343239
